  1  2  53  52  307  308  359  358
  2  3  54  53  308  309  360  359
  3  4  55  54  309  310  361  360
  4  5  56  55  310  311  362  361
  5  6  57  56  311  312  363  362
  6  7  58  57  312  313  364  363
  7  8  59  58  313  314  365  364
  8  9  60  59  314  315  366  365
  9  10  61  60  315  316  367  366
  10  11  62  61  316  317  368  367
  11  12  63  62  317  318  369  368
  12  13  64  63  318  319  370  369
  13  14  65  64  319  320  371  370
  14  15  66  65  320  321  372  371
  15  16  67  66  321  322  373  372
  16  17  68  67  322  323  374  373
  17  18  69  68  323  324  375  374
  18  19  70  69  324  325  376  375
  19  20  71  70  325  326  377  376
  20  21  72  71  326  327  378  377
  21  22  73  72  327  328  379  378
  22  23  74  73  328  329  380  379
  23  24  75  74  329  330  381  380
  24  25  76  75  330  331  382  381
  25  26  77  76  331  332  383  382
  26  27  78  77  332  333  384  383
  27  28  79  78  333  334  385  384
  28  29  80  79  334  335  386  385
  29  30  81  80  335  336  387  386
  30  31  82  81  336  337  388  387
  31  32  83  82  337  338  389  388
  32  33  84  83  338  339  390  389
  33  34  85  84  339  340  391  390
  34  35  86  85  340  341  392  391
  35  36  87  86  341  342  393  392
  36  37  88  87  342  343  394  393
  37  38  89  88  343  344  395  394
  38  39  90  89  344  345  396  395
  39  40  91  90  345  346  397  396
  40  41  92  91  346  347  398  397
  41  42  93  92  347  348  399  398
  42  43  94  93  348  349  400  399
  43  44  95  94  349  350  401  400
  44  45  96  95  350  351  402  401
  45  46  97  96  351  352  403  402
  46  47  98  97  352  353  404  403
  47  48  99  98  353  354  405  404
  48  49  100  99  354  355  406  405
  49  50  101  100  355  356  407  406
  50  51  102  101  356  357  408  407
  52  53  104  103  358  359  410  409
  53  54  105  104  359  360  411  410
  54  55  106  105  360  361  412  411
  55  56  107  106  361  362  413  412
  56  57  108  107  362  363  414  413
  57  58  109  108  363  364  415  414
  58  59  110  109  364  365  416  415
  59  60  111  110  365  366  417  416
  60  61  112  111  366  367  418  417
  61  62  113  112  367  368  419  418
  62  63  114  113  368  369  420  419
  63  64  115  114  369  370  421  420
  64  65  116  115  370  371  422  421
  65  66  117  116  371  372  423  422
  66  67  118  117  372  373  424  423
  67  68  119  118  373  374  425  424
  68  69  120  119  374  375  426  425
  69  70  121  120  375  376  427  426
  70  71  122  121  376  377  428  427
  71  72  123  122  377  378  429  428
  72  73  124  123  378  379  430  429
  73  74  125  124  379  380  431  430
  74  75  126  125  380  381  432  431
  75  76  127  126  381  382  433  432
  76  77  128  127  382  383  434  433
  77  78  129  128  383  384  435  434
  78  79  130  129  384  385  436  435
  79  80  131  130  385  386  437  436
  80  81  132  131  386  387  438  437
  81  82  133  132  387  388  439  438
  82  83  134  133  388  389  440  439
  83  84  135  134  389  390  441  440
  84  85  136  135  390  391  442  441
  85  86  137  136  391  392  443  442
  86  87  138  137  392  393  444  443
  87  88  139  138  393  394  445  444
  88  89  140  139  394  395  446  445
  89  90  141  140  395  396  447  446
  90  91  142  141  396  397  448  447
  91  92  143  142  397  398  449  448
  92  93  144  143  398  399  450  449
  93  94  145  144  399  400  451  450
  94  95  146  145  400  401  452  451
  95  96  147  146  401  402  453  452
  96  97  148  147  402  403  454  453
  97  98  149  148  403  404  455  454
  98  99  150  149  404  405  456  455
  99  100  151  150  405  406  457  456
  100  101  152  151  406  407  458  457
  101  102  153  152  407  408  459  458
  103  104  155  154  409  410  461  460
  104  105  156  155  410  411  462  461
  105  106  157  156  411  412  463  462
  106  107  158  157  412  413  464  463
  107  108  159  158  413  414  465  464
  108  109  160  159  414  415  466  465
  109  110  161  160  415  416  467  466
  110  111  162  161  416  417  468  467
  111  112  163  162  417  418  469  468
  112  113  164  163  418  419  470  469
  113  114  165  164  419  420  471  470
  114  115  166  165  420  421  472  471
  115  116  167  166  421  422  473  472
  116  117  168  167  422  423  474  473
  117  118  169  168  423  424  475  474
  118  119  170  169  424  425  476  475
  119  120  171  170  425  426  477  476
  120  121  172  171  426  427  478  477
  121  122  173  172  427  428  479  478
  122  123  174  173  428  429  480  479
  123  124  175  174  429  430  481  480
  124  125  176  175  430  431  482  481
  125  126  177  176  431  432  483  482
  126  127  178  177  432  433  484  483
  127  128  179  178  433  434  485  484
  128  129  180  179  434  435  486  485
  129  130  181  180  435  436  487  486
  130  131  182  181  436  437  488  487
  131  132  183  182  437  438  489  488
  132  133  184  183  438  439  490  489
  133  134  185  184  439  440  491  490
  134  135  186  185  440  441  492  491
  135  136  187  186  441  442  493  492
  136  137  188  187  442  443  494  493
  137  138  189  188  443  444  495  494
  138  139  190  189  444  445  496  495
  139  140  191  190  445  446  497  496
  140  141  192  191  446  447  498  497
  141  142  193  192  447  448  499  498
  142  143  194  193  448  449  500  499
  143  144  195  194  449  450  501  500
  144  145  196  195  450  451  502  501
  145  146  197  196  451  452  503  502
  146  147  198  197  452  453  504  503
  147  148  199  198  453  454  505  504
  148  149  200  199  454  455  506  505
  149  150  201  200  455  456  507  506
  150  151  202  201  456  457  508  507
  151  152  203  202  457  458  509  508
  152  153  204  203  458  459  510  509
  154  155  206  205  460  461  512  511
  155  156  207  206  461  462  513  512
  156  157  208  207  462  463  514  513
  157  158  209  208  463  464  515  514
  158  159  210  209  464  465  516  515
  159  160  211  210  465  466  517  516
  160  161  212  211  466  467  518  517
  161  162  213  212  467  468  519  518
  162  163  214  213  468  469  520  519
  163  164  215  214  469  470  521  520
  164  165  216  215  470  471  522  521
  165  166  217  216  471  472  523  522
  166  167  218  217  472  473  524  523
  167  168  219  218  473  474  525  524
  168  169  220  219  474  475  526  525
  169  170  221  220  475  476  527  526
  170  171  222  221  476  477  528  527
  171  172  223  222  477  478  529  528
  172  173  224  223  478  479  530  529
  173  174  225  224  479  480  531  530
  174  175  226  225  480  481  532  531
  175  176  227  226  481  482  533  532
  176  177  228  227  482  483  534  533
  177  178  229  228  483  484  535  534
  178  179  230  229  484  485  536  535
  179  180  231  230  485  486  537  536
  180  181  232  231  486  487  538  537
  181  182  233  232  487  488  539  538
  182  183  234  233  488  489  540  539
  183  184  235  234  489  490  541  540
  184  185  236  235  490  491  542  541
  185  186  237  236  491  492  543  542
  186  187  238  237  492  493  544  543
  187  188  239  238  493  494  545  544
  188  189  240  239  494  495  546  545
  189  190  241  240  495  496  547  546
  190  191  242  241  496  497  548  547
  191  192  243  242  497  498  549  548
  192  193  244  243  498  499  550  549
  193  194  245  244  499  500  551  550
  194  195  246  245  500  501  552  551
  195  196  247  246  501  502  553  552
  196  197  248  247  502  503  554  553
  197  198  249  248  503  504  555  554
  198  199  250  249  504  505  556  555
  199  200  251  250  505  506  557  556
  200  201  252  251  506  507  558  557
  201  202  253  252  507  508  559  558
  202  203  254  253  508  509  560  559
  203  204  255  254  509  510  561  560
  205  206  257  256  511  512  563  562
  206  207  258  257  512  513  564  563
  207  208  259  258  513  514  565  564
  208  209  260  259  514  515  566  565
  209  210  261  260  515  516  567  566
  210  211  262  261  516  517  568  567
  211  212  263  262  517  518  569  568
  212  213  264  263  518  519  570  569
  213  214  265  264  519  520  571  570
  214  215  266  265  520  521  572  571
  215  216  267  266  521  522  573  572
  216  217  268  267  522  523  574  573
  217  218  269  268  523  524  575  574
  218  219  270  269  524  525  576  575
  219  220  271  270  525  526  577  576
  220  221  272  271  526  527  578  577
  221  222  273  272  527  528  579  578
  222  223  274  273  528  529  580  579
  223  224  275  274  529  530  581  580
  224  225  276  275  530  531  582  581
  225  226  277  276  531  532  583  582
  226  227  278  277  532  533  584  583
  227  228  279  278  533  534  585  584
  228  229  280  279  534  535  586  585
  229  230  281  280  535  536  587  586
  230  231  282  281  536  537  588  587
  231  232  283  282  537  538  589  588
  232  233  284  283  538  539  590  589
  233  234  285  284  539  540  591  590
  234  235  286  285  540  541  592  591
  235  236  287  286  541  542  593  592
  236  237  288  287  542  543  594  593
  237  238  289  288  543  544  595  594
  238  239  290  289  544  545  596  595
  239  240  291  290  545  546  597  596
  240  241  292  291  546  547  598  597
  241  242  293  292  547  548  599  598
  242  243  294  293  548  549  600  599
  243  244  295  294  549  550  601  600
  244  245  296  295  550  551  602  601
  245  246  297  296  551  552  603  602
  246  247  298  297  552  553  604  603
  247  248  299  298  553  554  605  604
  248  249  300  299  554  555  606  605
  249  250  301  300  555  556  607  606
  250  251  302  301  556  557  608  607
  251  252  303  302  557  558  609  608
  252  253  304  303  558  559  610  609
  253  254  305  304  559  560  611  610
  254  255  306  305  560  561  612  611
  307  308  359  358  613  614  665  664
  308  309  360  359  614  615  666  665
  309  310  361  360  615  616  667  666
  310  311  362  361  616  617  668  667
  311  312  363  362  617  618  669  668
  312  313  364  363  618  619  670  669
  313  314  365  364  619  620  671  670
  314  315  366  365  620  621  672  671
  315  316  367  366  621  622  673  672
  316  317  368  367  622  623  674  673
  317  318  369  368  623  624  675  674
  318  319  370  369  624  625  676  675
  319  320  371  370  625  626  677  676
  320  321  372  371  626  627  678  677
  321  322  373  372  627  628  679  678
  322  323  374  373  628  629  680  679
  323  324  375  374  629  630  681  680
  324  325  376  375  630  631  682  681
  325  326  377  376  631  632  683  682
  326  327  378  377  632  633  684  683
  327  328  379  378  633  634  685  684
  328  329  380  379  634  635  686  685
  329  330  381  380  635  636  687  686
  330  331  382  381  636  637  688  687
  331  332  383  382  637  638  689  688
  332  333  384  383  638  639  690  689
  333  334  385  384  639  640  691  690
  334  335  386  385  640  641  692  691
  335  336  387  386  641  642  693  692
  336  337  388  387  642  643  694  693
  337  338  389  388  643  644  695  694
  338  339  390  389  644  645  696  695
  339  340  391  390  645  646  697  696
  340  341  392  391  646  647  698  697
  341  342  393  392  647  648  699  698
  342  343  394  393  648  649  700  699
  343  344  395  394  649  650  701  700
  344  345  396  395  650  651  702  701
  345  346  397  396  651  652  703  702
  346  347  398  397  652  653  704  703
  347  348  399  398  653  654  705  704
  348  349  400  399  654  655  706  705
  349  350  401  400  655  656  707  706
  350  351  402  401  656  657  708  707
  351  352  403  402  657  658  709  708
  352  353  404  403  658  659  710  709
  353  354  405  404  659  660  711  710
  354  355  406  405  660  661  712  711
  355  356  407  406  661  662  713  712
  356  357  408  407  662  663  714  713
  358  359  410  409  664  665  716  715
  359  360  411  410  665  666  717  716
  360  361  412  411  666  667  718  717
  361  362  413  412  667  668  719  718
  362  363  414  413  668  669  720  719
  363  364  415  414  669  670  721  720
  364  365  416  415  670  671  722  721
  365  366  417  416  671  672  723  722
  366  367  418  417  672  673  724  723
  367  368  419  418  673  674  725  724
  368  369  420  419  674  675  726  725
  369  370  421  420  675  676  727  726
  370  371  422  421  676  677  728  727
  371  372  423  422  677  678  729  728
  372  373  424  423  678  679  730  729
  373  374  425  424  679  680  731  730
  374  375  426  425  680  681  732  731
  375  376  427  426  681  682  733  732
  376  377  428  427  682  683  734  733
  377  378  429  428  683  684  735  734
  378  379  430  429  684  685  736  735
  379  380  431  430  685  686  737  736
  380  381  432  431  686  687  738  737
  381  382  433  432  687  688  739  738
  382  383  434  433  688  689  740  739
  383  384  435  434  689  690  741  740
  384  385  436  435  690  691  742  741
  385  386  437  436  691  692  743  742
  386  387  438  437  692  693  744  743
  387  388  439  438  693  694  745  744
  388  389  440  439  694  695  746  745
  389  390  441  440  695  696  747  746
  390  391  442  441  696  697  748  747
  391  392  443  442  697  698  749  748
  392  393  444  443  698  699  750  749
  393  394  445  444  699  700  751  750
  394  395  446  445  700  701  752  751
  395  396  447  446  701  702  753  752
  396  397  448  447  702  703  754  753
  397  398  449  448  703  704  755  754
  398  399  450  449  704  705  756  755
  399  400  451  450  705  706  757  756
  400  401  452  451  706  707  758  757
  401  402  453  452  707  708  759  758
  402  403  454  453  708  709  760  759
  403  404  455  454  709  710  761  760
  404  405  456  455  710  711  762  761
  405  406  457  456  711  712  763  762
  406  407  458  457  712  713  764  763
  407  408  459  458  713  714  765  764
  409  410  461  460  715  716  767  766
  410  411  462  461  716  717  768  767
  411  412  463  462  717  718  769  768
  412  413  464  463  718  719  770  769
  413  414  465  464  719  720  771  770
  414  415  466  465  720  721  772  771
  415  416  467  466  721  722  773  772
  416  417  468  467  722  723  774  773
  417  418  469  468  723  724  775  774
  418  419  470  469  724  725  776  775
  419  420  471  470  725  726  777  776
  420  421  472  471  726  727  778  777
  421  422  473  472  727  728  779  778
  422  423  474  473  728  729  780  779
  423  424  475  474  729  730  781  780
  424  425  476  475  730  731  782  781
  425  426  477  476  731  732  783  782
  426  427  478  477  732  733  784  783
  427  428  479  478  733  734  785  784
  428  429  480  479  734  735  786  785
  429  430  481  480  735  736  787  786
  430  431  482  481  736  737  788  787
  431  432  483  482  737  738  789  788
  432  433  484  483  738  739  790  789
  433  434  485  484  739  740  791  790
  434  435  486  485  740  741  792  791
  435  436  487  486  741  742  793  792
  436  437  488  487  742  743  794  793
  437  438  489  488  743  744  795  794
  438  439  490  489  744  745  796  795
  439  440  491  490  745  746  797  796
  440  441  492  491  746  747  798  797
  441  442  493  492  747  748  799  798
  442  443  494  493  748  749  800  799
  443  444  495  494  749  750  801  800
  444  445  496  495  750  751  802  801
  445  446  497  496  751  752  803  802
  446  447  498  497  752  753  804  803
  447  448  499  498  753  754  805  804
  448  449  500  499  754  755  806  805
  449  450  501  500  755  756  807  806
  450  451  502  501  756  757  808  807
  451  452  503  502  757  758  809  808
  452  453  504  503  758  759  810  809
  453  454  505  504  759  760  811  810
  454  455  506  505  760  761  812  811
  455  456  507  506  761  762  813  812
  456  457  508  507  762  763  814  813
  457  458  509  508  763  764  815  814
  458  459  510  509  764  765  816  815
  460  461  512  511  766  767  818  817
  461  462  513  512  767  768  819  818
  462  463  514  513  768  769  820  819
  463  464  515  514  769  770  821  820
  464  465  516  515  770  771  822  821
  465  466  517  516  771  772  823  822
  466  467  518  517  772  773  824  823
  467  468  519  518  773  774  825  824
  468  469  520  519  774  775  826  825
  469  470  521  520  775  776  827  826
  470  471  522  521  776  777  828  827
  471  472  523  522  777  778  829  828
  472  473  524  523  778  779  830  829
  473  474  525  524  779  780  831  830
  474  475  526  525  780  781  832  831
  475  476  527  526  781  782  833  832
  476  477  528  527  782  783  834  833
  477  478  529  528  783  784  835  834
  478  479  530  529  784  785  836  835
  479  480  531  530  785  786  837  836
  480  481  532  531  786  787  838  837
  481  482  533  532  787  788  839  838
  482  483  534  533  788  789  840  839
  483  484  535  534  789  790  841  840
  484  485  536  535  790  791  842  841
  485  486  537  536  791  792  843  842
  486  487  538  537  792  793  844  843
  487  488  539  538  793  794  845  844
  488  489  540  539  794  795  846  845
  489  490  541  540  795  796  847  846
  490  491  542  541  796  797  848  847
  491  492  543  542  797  798  849  848
  492  493  544  543  798  799  850  849
  493  494  545  544  799  800  851  850
  494  495  546  545  800  801  852  851
  495  496  547  546  801  802  853  852
  496  497  548  547  802  803  854  853
  497  498  549  548  803  804  855  854
  498  499  550  549  804  805  856  855
  499  500  551  550  805  806  857  856
  500  501  552  551  806  807  858  857
  501  502  553  552  807  808  859  858
  502  503  554  553  808  809  860  859
  503  504  555  554  809  810  861  860
  504  505  556  555  810  811  862  861
  505  506  557  556  811  812  863  862
  506  507  558  557  812  813  864  863
  507  508  559  558  813  814  865  864
  508  509  560  559  814  815  866  865
  509  510  561  560  815  816  867  866
  511  512  563  562  817  818  869  868
  512  513  564  563  818  819  870  869
  513  514  565  564  819  820  871  870
  514  515  566  565  820  821  872  871
  515  516  567  566  821  822  873  872
  516  517  568  567  822  823  874  873
  517  518  569  568  823  824  875  874
  518  519  570  569  824  825  876  875
  519  520  571  570  825  826  877  876
  520  521  572  571  826  827  878  877
  521  522  573  572  827  828  879  878
  522  523  574  573  828  829  880  879
  523  524  575  574  829  830  881  880
  524  525  576  575  830  831  882  881
  525  526  577  576  831  832  883  882
  526  527  578  577  832  833  884  883
  527  528  579  578  833  834  885  884
  528  529  580  579  834  835  886  885
  529  530  581  580  835  836  887  886
  530  531  582  581  836  837  888  887
  531  532  583  582  837  838  889  888
  532  533  584  583  838  839  890  889
  533  534  585  584  839  840  891  890
  534  535  586  585  840  841  892  891
  535  536  587  586  841  842  893  892
  536  537  588  587  842  843  894  893
  537  538  589  588  843  844  895  894
  538  539  590  589  844  845  896  895
  539  540  591  590  845  846  897  896
  540  541  592  591  846  847  898  897
  541  542  593  592  847  848  899  898
  542  543  594  593  848  849  900  899
  543  544  595  594  849  850  901  900
  544  545  596  595  850  851  902  901
  545  546  597  596  851  852  903  902
  546  547  598  597  852  853  904  903
  547  548  599  598  853  854  905  904
  548  549  600  599  854  855  906  905
  549  550  601  600  855  856  907  906
  550  551  602  601  856  857  908  907
  551  552  603  602  857  858  909  908
  552  553  604  603  858  859  910  909
  553  554  605  604  859  860  911  910
  554  555  606  605  860  861  912  911
  555  556  607  606  861  862  913  912
  556  557  608  607  862  863  914  913
  557  558  609  608  863  864  915  914
  558  559  610  609  864  865  916  915
  559  560  611  610  865  866  917  916
  560  561  612  611  866  867  918  917
  613  614  665  664  919  920  971  970
  614  615  666  665  920  921  972  971
  615  616  667  666  921  922  973  972
  616  617  668  667  922  923  974  973
  617  618  669  668  923  924  975  974
  618  619  670  669  924  925  976  975
  619  620  671  670  925  926  977  976
  620  621  672  671  926  927  978  977
  621  622  673  672  927  928  979  978
  622  623  674  673  928  929  980  979
  623  624  675  674  929  930  981  980
  624  625  676  675  930  931  982  981
  625  626  677  676  931  932  983  982
  626  627  678  677  932  933  984  983
  627  628  679  678  933  934  985  984
  628  629  680  679  934  935  986  985
  629  630  681  680  935  936  987  986
  630  631  682  681  936  937  988  987
  631  632  683  682  937  938  989  988
  632  633  684  683  938  939  990  989
  633  634  685  684  939  940  991  990
  634  635  686  685  940  941  992  991
  635  636  687  686  941  942  993  992
  636  637  688  687  942  943  994  993
  637  638  689  688  943  944  995  994
  638  639  690  689  944  945  996  995
  639  640  691  690  945  946  997  996
  640  641  692  691  946  947  998  997
  641  642  693  692  947  948  999  998
  642  643  694  693  948  949  1000  999
  643  644  695  694  949  950  1001  1000
  644  645  696  695  950  951  1002  1001
  645  646  697  696  951  952  1003  1002
  646  647  698  697  952  953  1004  1003
  647  648  699  698  953  954  1005  1004
  648  649  700  699  954  955  1006  1005
  649  650  701  700  955  956  1007  1006
  650  651  702  701  956  957  1008  1007
  651  652  703  702  957  958  1009  1008
  652  653  704  703  958  959  1010  1009
  653  654  705  704  959  960  1011  1010
  654  655  706  705  960  961  1012  1011
  655  656  707  706  961  962  1013  1012
  656  657  708  707  962  963  1014  1013
  657  658  709  708  963  964  1015  1014
  658  659  710  709  964  965  1016  1015
  659  660  711  710  965  966  1017  1016
  660  661  712  711  966  967  1018  1017
  661  662  713  712  967  968  1019  1018
  662  663  714  713  968  969  1020  1019
  664  665  716  715  970  971  1022  1021
  665  666  717  716  971  972  1023  1022
  666  667  718  717  972  973  1024  1023
  667  668  719  718  973  974  1025  1024
  668  669  720  719  974  975  1026  1025
  669  670  721  720  975  976  1027  1026
  670  671  722  721  976  977  1028  1027
  671  672  723  722  977  978  1029  1028
  672  673  724  723  978  979  1030  1029
  673  674  725  724  979  980  1031  1030
  674  675  726  725  980  981  1032  1031
  675  676  727  726  981  982  1033  1032
  676  677  728  727  982  983  1034  1033
  677  678  729  728  983  984  1035  1034
  678  679  730  729  984  985  1036  1035
  679  680  731  730  985  986  1037  1036
  680  681  732  731  986  987  1038  1037
  681  682  733  732  987  988  1039  1038
  682  683  734  733  988  989  1040  1039
  683  684  735  734  989  990  1041  1040
  684  685  736  735  990  991  1042  1041
  685  686  737  736  991  992  1043  1042
  686  687  738  737  992  993  1044  1043
  687  688  739  738  993  994  1045  1044
  688  689  740  739  994  995  1046  1045
  689  690  741  740  995  996  1047  1046
  690  691  742  741  996  997  1048  1047
  691  692  743  742  997  998  1049  1048
  692  693  744  743  998  999  1050  1049
  693  694  745  744  999  1000  1051  1050
  694  695  746  745  1000  1001  1052  1051
  695  696  747  746  1001  1002  1053  1052
  696  697  748  747  1002  1003  1054  1053
  697  698  749  748  1003  1004  1055  1054
  698  699  750  749  1004  1005  1056  1055
  699  700  751  750  1005  1006  1057  1056
  700  701  752  751  1006  1007  1058  1057
  701  702  753  752  1007  1008  1059  1058
  702  703  754  753  1008  1009  1060  1059
  703  704  755  754  1009  1010  1061  1060
  704  705  756  755  1010  1011  1062  1061
  705  706  757  756  1011  1012  1063  1062
  706  707  758  757  1012  1013  1064  1063
  707  708  759  758  1013  1014  1065  1064
  708  709  760  759  1014  1015  1066  1065
  709  710  761  760  1015  1016  1067  1066
  710  711  762  761  1016  1017  1068  1067
  711  712  763  762  1017  1018  1069  1068
  712  713  764  763  1018  1019  1070  1069
  713  714  765  764  1019  1020  1071  1070
  715  716  767  766  1021  1022  1073  1072
  716  717  768  767  1022  1023  1074  1073
  717  718  769  768  1023  1024  1075  1074
  718  719  770  769  1024  1025  1076  1075
  719  720  771  770  1025  1026  1077  1076
  720  721  772  771  1026  1027  1078  1077
  721  722  773  772  1027  1028  1079  1078
  722  723  774  773  1028  1029  1080  1079
  723  724  775  774  1029  1030  1081  1080
  724  725  776  775  1030  1031  1082  1081
  725  726  777  776  1031  1032  1083  1082
  726  727  778  777  1032  1033  1084  1083
  727  728  779  778  1033  1034  1085  1084
  728  729  780  779  1034  1035  1086  1085
  729  730  781  780  1035  1036  1087  1086
  730  731  782  781  1036  1037  1088  1087
  731  732  783  782  1037  1038  1089  1088
  732  733  784  783  1038  1039  1090  1089
  733  734  785  784  1039  1040  1091  1090
  734  735  786  785  1040  1041  1092  1091
  735  736  787  786  1041  1042  1093  1092
  736  737  788  787  1042  1043  1094  1093
  737  738  789  788  1043  1044  1095  1094
  738  739  790  789  1044  1045  1096  1095
  739  740  791  790  1045  1046  1097  1096
  740  741  792  791  1046  1047  1098  1097
  741  742  793  792  1047  1048  1099  1098
  742  743  794  793  1048  1049  1100  1099
  743  744  795  794  1049  1050  1101  1100
  744  745  796  795  1050  1051  1102  1101
  745  746  797  796  1051  1052  1103  1102
  746  747  798  797  1052  1053  1104  1103
  747  748  799  798  1053  1054  1105  1104
  748  749  800  799  1054  1055  1106  1105
  749  750  801  800  1055  1056  1107  1106
  750  751  802  801  1056  1057  1108  1107
  751  752  803  802  1057  1058  1109  1108
  752  753  804  803  1058  1059  1110  1109
  753  754  805  804  1059  1060  1111  1110
  754  755  806  805  1060  1061  1112  1111
  755  756  807  806  1061  1062  1113  1112
  756  757  808  807  1062  1063  1114  1113
  757  758  809  808  1063  1064  1115  1114
  758  759  810  809  1064  1065  1116  1115
  759  760  811  810  1065  1066  1117  1116
  760  761  812  811  1066  1067  1118  1117
  761  762  813  812  1067  1068  1119  1118
  762  763  814  813  1068  1069  1120  1119
  763  764  815  814  1069  1070  1121  1120
  764  765  816  815  1070  1071  1122  1121
  766  767  818  817  1072  1073  1124  1123
  767  768  819  818  1073  1074  1125  1124
  768  769  820  819  1074  1075  1126  1125
  769  770  821  820  1075  1076  1127  1126
  770  771  822  821  1076  1077  1128  1127
  771  772  823  822  1077  1078  1129  1128
  772  773  824  823  1078  1079  1130  1129
  773  774  825  824  1079  1080  1131  1130
  774  775  826  825  1080  1081  1132  1131
  775  776  827  826  1081  1082  1133  1132
  776  777  828  827  1082  1083  1134  1133
  777  778  829  828  1083  1084  1135  1134
  778  779  830  829  1084  1085  1136  1135
  779  780  831  830  1085  1086  1137  1136
  780  781  832  831  1086  1087  1138  1137
  781  782  833  832  1087  1088  1139  1138
  782  783  834  833  1088  1089  1140  1139
  783  784  835  834  1089  1090  1141  1140
  784  785  836  835  1090  1091  1142  1141
  785  786  837  836  1091  1092  1143  1142
  786  787  838  837  1092  1093  1144  1143
  787  788  839  838  1093  1094  1145  1144
  788  789  840  839  1094  1095  1146  1145
  789  790  841  840  1095  1096  1147  1146
  790  791  842  841  1096  1097  1148  1147
  791  792  843  842  1097  1098  1149  1148
  792  793  844  843  1098  1099  1150  1149
  793  794  845  844  1099  1100  1151  1150
  794  795  846  845  1100  1101  1152  1151
  795  796  847  846  1101  1102  1153  1152
  796  797  848  847  1102  1103  1154  1153
  797  798  849  848  1103  1104  1155  1154
  798  799  850  849  1104  1105  1156  1155
  799  800  851  850  1105  1106  1157  1156
  800  801  852  851  1106  1107  1158  1157
  801  802  853  852  1107  1108  1159  1158
  802  803  854  853  1108  1109  1160  1159
  803  804  855  854  1109  1110  1161  1160
  804  805  856  855  1110  1111  1162  1161
  805  806  857  856  1111  1112  1163  1162
  806  807  858  857  1112  1113  1164  1163
  807  808  859  858  1113  1114  1165  1164
  808  809  860  859  1114  1115  1166  1165
  809  810  861  860  1115  1116  1167  1166
  810  811  862  861  1116  1117  1168  1167
  811  812  863  862  1117  1118  1169  1168
  812  813  864  863  1118  1119  1170  1169
  813  814  865  864  1119  1120  1171  1170
  814  815  866  865  1120  1121  1172  1171
  815  816  867  866  1121  1122  1173  1172
  817  818  869  868  1123  1124  1175  1174
  818  819  870  869  1124  1125  1176  1175
  819  820  871  870  1125  1126  1177  1176
  820  821  872  871  1126  1127  1178  1177
  821  822  873  872  1127  1128  1179  1178
  822  823  874  873  1128  1129  1180  1179
  823  824  875  874  1129  1130  1181  1180
  824  825  876  875  1130  1131  1182  1181
  825  826  877  876  1131  1132  1183  1182
  826  827  878  877  1132  1133  1184  1183
  827  828  879  878  1133  1134  1185  1184
  828  829  880  879  1134  1135  1186  1185
  829  830  881  880  1135  1136  1187  1186
  830  831  882  881  1136  1137  1188  1187
  831  832  883  882  1137  1138  1189  1188
  832  833  884  883  1138  1139  1190  1189
  833  834  885  884  1139  1140  1191  1190
  834  835  886  885  1140  1141  1192  1191
  835  836  887  886  1141  1142  1193  1192
  836  837  888  887  1142  1143  1194  1193
  837  838  889  888  1143  1144  1195  1194
  838  839  890  889  1144  1145  1196  1195
  839  840  891  890  1145  1146  1197  1196
  840  841  892  891  1146  1147  1198  1197
  841  842  893  892  1147  1148  1199  1198
  842  843  894  893  1148  1149  1200  1199
  843  844  895  894  1149  1150  1201  1200
  844  845  896  895  1150  1151  1202  1201
  845  846  897  896  1151  1152  1203  1202
  846  847  898  897  1152  1153  1204  1203
  847  848  899  898  1153  1154  1205  1204
  848  849  900  899  1154  1155  1206  1205
  849  850  901  900  1155  1156  1207  1206
  850  851  902  901  1156  1157  1208  1207
  851  852  903  902  1157  1158  1209  1208
  852  853  904  903  1158  1159  1210  1209
  853  854  905  904  1159  1160  1211  1210
  854  855  906  905  1160  1161  1212  1211
  855  856  907  906  1161  1162  1213  1212
  856  857  908  907  1162  1163  1214  1213
  857  858  909  908  1163  1164  1215  1214
  858  859  910  909  1164  1165  1216  1215
  859  860  911  910  1165  1166  1217  1216
  860  861  912  911  1166  1167  1218  1217
  861  862  913  912  1167  1168  1219  1218
  862  863  914  913  1168  1169  1220  1219
  863  864  915  914  1169  1170  1221  1220
  864  865  916  915  1170  1171  1222  1221
  865  866  917  916  1171  1172  1223  1222
  866  867  918  917  1172  1173  1224  1223
  919  920  971  970  1225  1226  1277  1276
  920  921  972  971  1226  1227  1278  1277
  921  922  973  972  1227  1228  1279  1278
  922  923  974  973  1228  1229  1280  1279
  923  924  975  974  1229  1230  1281  1280
  924  925  976  975  1230  1231  1282  1281
  925  926  977  976  1231  1232  1283  1282
  926  927  978  977  1232  1233  1284  1283
  927  928  979  978  1233  1234  1285  1284
  928  929  980  979  1234  1235  1286  1285
  929  930  981  980  1235  1236  1287  1286
  930  931  982  981  1236  1237  1288  1287
  931  932  983  982  1237  1238  1289  1288
  932  933  984  983  1238  1239  1290  1289
  933  934  985  984  1239  1240  1291  1290
  934  935  986  985  1240  1241  1292  1291
  935  936  987  986  1241  1242  1293  1292
  936  937  988  987  1242  1243  1294  1293
  937  938  989  988  1243  1244  1295  1294
  938  939  990  989  1244  1245  1296  1295
  939  940  991  990  1245  1246  1297  1296
  940  941  992  991  1246  1247  1298  1297
  941  942  993  992  1247  1248  1299  1298
  942  943  994  993  1248  1249  1300  1299
  943  944  995  994  1249  1250  1301  1300
  944  945  996  995  1250  1251  1302  1301
  945  946  997  996  1251  1252  1303  1302
  946  947  998  997  1252  1253  1304  1303
  947  948  999  998  1253  1254  1305  1304
  948  949  1000  999  1254  1255  1306  1305
  949  950  1001  1000  1255  1256  1307  1306
  950  951  1002  1001  1256  1257  1308  1307
  951  952  1003  1002  1257  1258  1309  1308
  952  953  1004  1003  1258  1259  1310  1309
  953  954  1005  1004  1259  1260  1311  1310
  954  955  1006  1005  1260  1261  1312  1311
  955  956  1007  1006  1261  1262  1313  1312
  956  957  1008  1007  1262  1263  1314  1313
  957  958  1009  1008  1263  1264  1315  1314
  958  959  1010  1009  1264  1265  1316  1315
  959  960  1011  1010  1265  1266  1317  1316
  960  961  1012  1011  1266  1267  1318  1317
  961  962  1013  1012  1267  1268  1319  1318
  962  963  1014  1013  1268  1269  1320  1319
  963  964  1015  1014  1269  1270  1321  1320
  964  965  1016  1015  1270  1271  1322  1321
  965  966  1017  1016  1271  1272  1323  1322
  966  967  1018  1017  1272  1273  1324  1323
  967  968  1019  1018  1273  1274  1325  1324
  968  969  1020  1019  1274  1275  1326  1325
  970  971  1022  1021  1276  1277  1328  1327
  971  972  1023  1022  1277  1278  1329  1328
  972  973  1024  1023  1278  1279  1330  1329
  973  974  1025  1024  1279  1280  1331  1330
  974  975  1026  1025  1280  1281  1332  1331
  975  976  1027  1026  1281  1282  1333  1332
  976  977  1028  1027  1282  1283  1334  1333
  977  978  1029  1028  1283  1284  1335  1334
  978  979  1030  1029  1284  1285  1336  1335
  979  980  1031  1030  1285  1286  1337  1336
  980  981  1032  1031  1286  1287  1338  1337
  981  982  1033  1032  1287  1288  1339  1338
  982  983  1034  1033  1288  1289  1340  1339
  983  984  1035  1034  1289  1290  1341  1340
  984  985  1036  1035  1290  1291  1342  1341
  985  986  1037  1036  1291  1292  1343  1342
  986  987  1038  1037  1292  1293  1344  1343
  987  988  1039  1038  1293  1294  1345  1344
  988  989  1040  1039  1294  1295  1346  1345
  989  990  1041  1040  1295  1296  1347  1346
  990  991  1042  1041  1296  1297  1348  1347
  991  992  1043  1042  1297  1298  1349  1348
  992  993  1044  1043  1298  1299  1350  1349
  993  994  1045  1044  1299  1300  1351  1350
  994  995  1046  1045  1300  1301  1352  1351
  995  996  1047  1046  1301  1302  1353  1352
  996  997  1048  1047  1302  1303  1354  1353
  997  998  1049  1048  1303  1304  1355  1354
  998  999  1050  1049  1304  1305  1356  1355
  999  1000  1051  1050  1305  1306  1357  1356
  1000  1001  1052  1051  1306  1307  1358  1357
  1001  1002  1053  1052  1307  1308  1359  1358
  1002  1003  1054  1053  1308  1309  1360  1359
  1003  1004  1055  1054  1309  1310  1361  1360
  1004  1005  1056  1055  1310  1311  1362  1361
  1005  1006  1057  1056  1311  1312  1363  1362
  1006  1007  1058  1057  1312  1313  1364  1363
  1007  1008  1059  1058  1313  1314  1365  1364
  1008  1009  1060  1059  1314  1315  1366  1365
  1009  1010  1061  1060  1315  1316  1367  1366
  1010  1011  1062  1061  1316  1317  1368  1367
  1011  1012  1063  1062  1317  1318  1369  1368
  1012  1013  1064  1063  1318  1319  1370  1369
  1013  1014  1065  1064  1319  1320  1371  1370
  1014  1015  1066  1065  1320  1321  1372  1371
  1015  1016  1067  1066  1321  1322  1373  1372
  1016  1017  1068  1067  1322  1323  1374  1373
  1017  1018  1069  1068  1323  1324  1375  1374
  1018  1019  1070  1069  1324  1325  1376  1375
  1019  1020  1071  1070  1325  1326  1377  1376
  1021  1022  1073  1072  1327  1328  1379  1378
  1022  1023  1074  1073  1328  1329  1380  1379
  1023  1024  1075  1074  1329  1330  1381  1380
  1024  1025  1076  1075  1330  1331  1382  1381
  1025  1026  1077  1076  1331  1332  1383  1382
  1026  1027  1078  1077  1332  1333  1384  1383
  1027  1028  1079  1078  1333  1334  1385  1384
  1028  1029  1080  1079  1334  1335  1386  1385
  1029  1030  1081  1080  1335  1336  1387  1386
  1030  1031  1082  1081  1336  1337  1388  1387
  1031  1032  1083  1082  1337  1338  1389  1388
  1032  1033  1084  1083  1338  1339  1390  1389
  1033  1034  1085  1084  1339  1340  1391  1390
  1034  1035  1086  1085  1340  1341  1392  1391
  1035  1036  1087  1086  1341  1342  1393  1392
  1036  1037  1088  1087  1342  1343  1394  1393
  1037  1038  1089  1088  1343  1344  1395  1394
  1038  1039  1090  1089  1344  1345  1396  1395
  1039  1040  1091  1090  1345  1346  1397  1396
  1040  1041  1092  1091  1346  1347  1398  1397
  1041  1042  1093  1092  1347  1348  1399  1398
  1042  1043  1094  1093  1348  1349  1400  1399
  1043  1044  1095  1094  1349  1350  1401  1400
  1044  1045  1096  1095  1350  1351  1402  1401
  1045  1046  1097  1096  1351  1352  1403  1402
  1046  1047  1098  1097  1352  1353  1404  1403
  1047  1048  1099  1098  1353  1354  1405  1404
  1048  1049  1100  1099  1354  1355  1406  1405
  1049  1050  1101  1100  1355  1356  1407  1406
  1050  1051  1102  1101  1356  1357  1408  1407
  1051  1052  1103  1102  1357  1358  1409  1408
  1052  1053  1104  1103  1358  1359  1410  1409
  1053  1054  1105  1104  1359  1360  1411  1410
  1054  1055  1106  1105  1360  1361  1412  1411
  1055  1056  1107  1106  1361  1362  1413  1412
  1056  1057  1108  1107  1362  1363  1414  1413
  1057  1058  1109  1108  1363  1364  1415  1414
  1058  1059  1110  1109  1364  1365  1416  1415
  1059  1060  1111  1110  1365  1366  1417  1416
  1060  1061  1112  1111  1366  1367  1418  1417
  1061  1062  1113  1112  1367  1368  1419  1418
  1062  1063  1114  1113  1368  1369  1420  1419
  1063  1064  1115  1114  1369  1370  1421  1420
  1064  1065  1116  1115  1370  1371  1422  1421
  1065  1066  1117  1116  1371  1372  1423  1422
  1066  1067  1118  1117  1372  1373  1424  1423
  1067  1068  1119  1118  1373  1374  1425  1424
  1068  1069  1120  1119  1374  1375  1426  1425
  1069  1070  1121  1120  1375  1376  1427  1426
  1070  1071  1122  1121  1376  1377  1428  1427
  1072  1073  1124  1123  1378  1379  1430  1429
  1073  1074  1125  1124  1379  1380  1431  1430
  1074  1075  1126  1125  1380  1381  1432  1431
  1075  1076  1127  1126  1381  1382  1433  1432
  1076  1077  1128  1127  1382  1383  1434  1433
  1077  1078  1129  1128  1383  1384  1435  1434
  1078  1079  1130  1129  1384  1385  1436  1435
  1079  1080  1131  1130  1385  1386  1437  1436
  1080  1081  1132  1131  1386  1387  1438  1437
  1081  1082  1133  1132  1387  1388  1439  1438
  1082  1083  1134  1133  1388  1389  1440  1439
  1083  1084  1135  1134  1389  1390  1441  1440
  1084  1085  1136  1135  1390  1391  1442  1441
  1085  1086  1137  1136  1391  1392  1443  1442
  1086  1087  1138  1137  1392  1393  1444  1443
  1087  1088  1139  1138  1393  1394  1445  1444
  1088  1089  1140  1139  1394  1395  1446  1445
  1089  1090  1141  1140  1395  1396  1447  1446
  1090  1091  1142  1141  1396  1397  1448  1447
  1091  1092  1143  1142  1397  1398  1449  1448
  1092  1093  1144  1143  1398  1399  1450  1449
  1093  1094  1145  1144  1399  1400  1451  1450
  1094  1095  1146  1145  1400  1401  1452  1451
  1095  1096  1147  1146  1401  1402  1453  1452
  1096  1097  1148  1147  1402  1403  1454  1453
  1097  1098  1149  1148  1403  1404  1455  1454
  1098  1099  1150  1149  1404  1405  1456  1455
  1099  1100  1151  1150  1405  1406  1457  1456
  1100  1101  1152  1151  1406  1407  1458  1457
  1101  1102  1153  1152  1407  1408  1459  1458
  1102  1103  1154  1153  1408  1409  1460  1459
  1103  1104  1155  1154  1409  1410  1461  1460
  1104  1105  1156  1155  1410  1411  1462  1461
  1105  1106  1157  1156  1411  1412  1463  1462
  1106  1107  1158  1157  1412  1413  1464  1463
  1107  1108  1159  1158  1413  1414  1465  1464
  1108  1109  1160  1159  1414  1415  1466  1465
  1109  1110  1161  1160  1415  1416  1467  1466
  1110  1111  1162  1161  1416  1417  1468  1467
  1111  1112  1163  1162  1417  1418  1469  1468
  1112  1113  1164  1163  1418  1419  1470  1469
  1113  1114  1165  1164  1419  1420  1471  1470
  1114  1115  1166  1165  1420  1421  1472  1471
  1115  1116  1167  1166  1421  1422  1473  1472
  1116  1117  1168  1167  1422  1423  1474  1473
  1117  1118  1169  1168  1423  1424  1475  1474
  1118  1119  1170  1169  1424  1425  1476  1475
  1119  1120  1171  1170  1425  1426  1477  1476
  1120  1121  1172  1171  1426  1427  1478  1477
  1121  1122  1173  1172  1427  1428  1479  1478
  1123  1124  1175  1174  1429  1430  1481  1480
  1124  1125  1176  1175  1430  1431  1482  1481
  1125  1126  1177  1176  1431  1432  1483  1482
  1126  1127  1178  1177  1432  1433  1484  1483
  1127  1128  1179  1178  1433  1434  1485  1484
  1128  1129  1180  1179  1434  1435  1486  1485
  1129  1130  1181  1180  1435  1436  1487  1486
  1130  1131  1182  1181  1436  1437  1488  1487
  1131  1132  1183  1182  1437  1438  1489  1488
  1132  1133  1184  1183  1438  1439  1490  1489
  1133  1134  1185  1184  1439  1440  1491  1490
  1134  1135  1186  1185  1440  1441  1492  1491
  1135  1136  1187  1186  1441  1442  1493  1492
  1136  1137  1188  1187  1442  1443  1494  1493
  1137  1138  1189  1188  1443  1444  1495  1494
  1138  1139  1190  1189  1444  1445  1496  1495
  1139  1140  1191  1190  1445  1446  1497  1496
  1140  1141  1192  1191  1446  1447  1498  1497
  1141  1142  1193  1192  1447  1448  1499  1498
  1142  1143  1194  1193  1448  1449  1500  1499
  1143  1144  1195  1194  1449  1450  1501  1500
  1144  1145  1196  1195  1450  1451  1502  1501
  1145  1146  1197  1196  1451  1452  1503  1502
  1146  1147  1198  1197  1452  1453  1504  1503
  1147  1148  1199  1198  1453  1454  1505  1504
  1148  1149  1200  1199  1454  1455  1506  1505
  1149  1150  1201  1200  1455  1456  1507  1506
  1150  1151  1202  1201  1456  1457  1508  1507
  1151  1152  1203  1202  1457  1458  1509  1508
  1152  1153  1204  1203  1458  1459  1510  1509
  1153  1154  1205  1204  1459  1460  1511  1510
  1154  1155  1206  1205  1460  1461  1512  1511
  1155  1156  1207  1206  1461  1462  1513  1512
  1156  1157  1208  1207  1462  1463  1514  1513
  1157  1158  1209  1208  1463  1464  1515  1514
  1158  1159  1210  1209  1464  1465  1516  1515
  1159  1160  1211  1210  1465  1466  1517  1516
  1160  1161  1212  1211  1466  1467  1518  1517
  1161  1162  1213  1212  1467  1468  1519  1518
  1162  1163  1214  1213  1468  1469  1520  1519
  1163  1164  1215  1214  1469  1470  1521  1520
  1164  1165  1216  1215  1470  1471  1522  1521
  1165  1166  1217  1216  1471  1472  1523  1522
  1166  1167  1218  1217  1472  1473  1524  1523
  1167  1168  1219  1218  1473  1474  1525  1524
  1168  1169  1220  1219  1474  1475  1526  1525
  1169  1170  1221  1220  1475  1476  1527  1526
  1170  1171  1222  1221  1476  1477  1528  1527
  1171  1172  1223  1222  1477  1478  1529  1528
  1172  1173  1224  1223  1478  1479  1530  1529
  1225  1226  1277  1276  1531  1532  1583  1582
  1226  1227  1278  1277  1532  1533  1584  1583
  1227  1228  1279  1278  1533  1534  1585  1584
  1228  1229  1280  1279  1534  1535  1586  1585
  1229  1230  1281  1280  1535  1536  1587  1586
  1230  1231  1282  1281  1536  1537  1588  1587
  1231  1232  1283  1282  1537  1538  1589  1588
  1232  1233  1284  1283  1538  1539  1590  1589
  1233  1234  1285  1284  1539  1540  1591  1590
  1234  1235  1286  1285  1540  1541  1592  1591
  1235  1236  1287  1286  1541  1542  1593  1592
  1236  1237  1288  1287  1542  1543  1594  1593
  1237  1238  1289  1288  1543  1544  1595  1594
  1238  1239  1290  1289  1544  1545  1596  1595
  1239  1240  1291  1290  1545  1546  1597  1596
  1240  1241  1292  1291  1546  1547  1598  1597
  1241  1242  1293  1292  1547  1548  1599  1598
  1242  1243  1294  1293  1548  1549  1600  1599
  1243  1244  1295  1294  1549  1550  1601  1600
  1244  1245  1296  1295  1550  1551  1602  1601
  1245  1246  1297  1296  1551  1552  1603  1602
  1246  1247  1298  1297  1552  1553  1604  1603
  1247  1248  1299  1298  1553  1554  1605  1604
  1248  1249  1300  1299  1554  1555  1606  1605
  1249  1250  1301  1300  1555  1556  1607  1606
  1250  1251  1302  1301  1556  1557  1608  1607
  1251  1252  1303  1302  1557  1558  1609  1608
  1252  1253  1304  1303  1558  1559  1610  1609
  1253  1254  1305  1304  1559  1560  1611  1610
  1254  1255  1306  1305  1560  1561  1612  1611
  1255  1256  1307  1306  1561  1562  1613  1612
  1256  1257  1308  1307  1562  1563  1614  1613
  1257  1258  1309  1308  1563  1564  1615  1614
  1258  1259  1310  1309  1564  1565  1616  1615
  1259  1260  1311  1310  1565  1566  1617  1616
  1260  1261  1312  1311  1566  1567  1618  1617
  1261  1262  1313  1312  1567  1568  1619  1618
  1262  1263  1314  1313  1568  1569  1620  1619
  1263  1264  1315  1314  1569  1570  1621  1620
  1264  1265  1316  1315  1570  1571  1622  1621
  1265  1266  1317  1316  1571  1572  1623  1622
  1266  1267  1318  1317  1572  1573  1624  1623
  1267  1268  1319  1318  1573  1574  1625  1624
  1268  1269  1320  1319  1574  1575  1626  1625
  1269  1270  1321  1320  1575  1576  1627  1626
  1270  1271  1322  1321  1576  1577  1628  1627
  1271  1272  1323  1322  1577  1578  1629  1628
  1272  1273  1324  1323  1578  1579  1630  1629
  1273  1274  1325  1324  1579  1580  1631  1630
  1274  1275  1326  1325  1580  1581  1632  1631
  1276  1277  1328  1327  1582  1583  1634  1633
  1277  1278  1329  1328  1583  1584  1635  1634
  1278  1279  1330  1329  1584  1585  1636  1635
  1279  1280  1331  1330  1585  1586  1637  1636
  1280  1281  1332  1331  1586  1587  1638  1637
  1281  1282  1333  1332  1587  1588  1639  1638
  1282  1283  1334  1333  1588  1589  1640  1639
  1283  1284  1335  1334  1589  1590  1641  1640
  1284  1285  1336  1335  1590  1591  1642  1641
  1285  1286  1337  1336  1591  1592  1643  1642
  1286  1287  1338  1337  1592  1593  1644  1643
  1287  1288  1339  1338  1593  1594  1645  1644
  1288  1289  1340  1339  1594  1595  1646  1645
  1289  1290  1341  1340  1595  1596  1647  1646
  1290  1291  1342  1341  1596  1597  1648  1647
  1291  1292  1343  1342  1597  1598  1649  1648
  1292  1293  1344  1343  1598  1599  1650  1649
  1293  1294  1345  1344  1599  1600  1651  1650
  1294  1295  1346  1345  1600  1601  1652  1651
  1295  1296  1347  1346  1601  1602  1653  1652
  1296  1297  1348  1347  1602  1603  1654  1653
  1297  1298  1349  1348  1603  1604  1655  1654
  1298  1299  1350  1349  1604  1605  1656  1655
  1299  1300  1351  1350  1605  1606  1657  1656
  1300  1301  1352  1351  1606  1607  1658  1657
  1301  1302  1353  1352  1607  1608  1659  1658
  1302  1303  1354  1353  1608  1609  1660  1659
  1303  1304  1355  1354  1609  1610  1661  1660
  1304  1305  1356  1355  1610  1611  1662  1661
  1305  1306  1357  1356  1611  1612  1663  1662
  1306  1307  1358  1357  1612  1613  1664  1663
  1307  1308  1359  1358  1613  1614  1665  1664
  1308  1309  1360  1359  1614  1615  1666  1665
  1309  1310  1361  1360  1615  1616  1667  1666
  1310  1311  1362  1361  1616  1617  1668  1667
  1311  1312  1363  1362  1617  1618  1669  1668
  1312  1313  1364  1363  1618  1619  1670  1669
  1313  1314  1365  1364  1619  1620  1671  1670
  1314  1315  1366  1365  1620  1621  1672  1671
  1315  1316  1367  1366  1621  1622  1673  1672
  1316  1317  1368  1367  1622  1623  1674  1673
  1317  1318  1369  1368  1623  1624  1675  1674
  1318  1319  1370  1369  1624  1625  1676  1675
  1319  1320  1371  1370  1625  1626  1677  1676
  1320  1321  1372  1371  1626  1627  1678  1677
  1321  1322  1373  1372  1627  1628  1679  1678
  1322  1323  1374  1373  1628  1629  1680  1679
  1323  1324  1375  1374  1629  1630  1681  1680
  1324  1325  1376  1375  1630  1631  1682  1681
  1325  1326  1377  1376  1631  1632  1683  1682
  1327  1328  1379  1378  1633  1634  1685  1684
  1328  1329  1380  1379  1634  1635  1686  1685
  1329  1330  1381  1380  1635  1636  1687  1686
  1330  1331  1382  1381  1636  1637  1688  1687
  1331  1332  1383  1382  1637  1638  1689  1688
  1332  1333  1384  1383  1638  1639  1690  1689
  1333  1334  1385  1384  1639  1640  1691  1690
  1334  1335  1386  1385  1640  1641  1692  1691
  1335  1336  1387  1386  1641  1642  1693  1692
  1336  1337  1388  1387  1642  1643  1694  1693
  1337  1338  1389  1388  1643  1644  1695  1694
  1338  1339  1390  1389  1644  1645  1696  1695
  1339  1340  1391  1390  1645  1646  1697  1696
  1340  1341  1392  1391  1646  1647  1698  1697
  1341  1342  1393  1392  1647  1648  1699  1698
  1342  1343  1394  1393  1648  1649  1700  1699
  1343  1344  1395  1394  1649  1650  1701  1700
  1344  1345  1396  1395  1650  1651  1702  1701
  1345  1346  1397  1396  1651  1652  1703  1702
  1346  1347  1398  1397  1652  1653  1704  1703
  1347  1348  1399  1398  1653  1654  1705  1704
  1348  1349  1400  1399  1654  1655  1706  1705
  1349  1350  1401  1400  1655  1656  1707  1706
  1350  1351  1402  1401  1656  1657  1708  1707
  1351  1352  1403  1402  1657  1658  1709  1708
  1352  1353  1404  1403  1658  1659  1710  1709
  1353  1354  1405  1404  1659  1660  1711  1710
  1354  1355  1406  1405  1660  1661  1712  1711
  1355  1356  1407  1406  1661  1662  1713  1712
  1356  1357  1408  1407  1662  1663  1714  1713
  1357  1358  1409  1408  1663  1664  1715  1714
  1358  1359  1410  1409  1664  1665  1716  1715
  1359  1360  1411  1410  1665  1666  1717  1716
  1360  1361  1412  1411  1666  1667  1718  1717
  1361  1362  1413  1412  1667  1668  1719  1718
  1362  1363  1414  1413  1668  1669  1720  1719
  1363  1364  1415  1414  1669  1670  1721  1720
  1364  1365  1416  1415  1670  1671  1722  1721
  1365  1366  1417  1416  1671  1672  1723  1722
  1366  1367  1418  1417  1672  1673  1724  1723
  1367  1368  1419  1418  1673  1674  1725  1724
  1368  1369  1420  1419  1674  1675  1726  1725
  1369  1370  1421  1420  1675  1676  1727  1726
  1370  1371  1422  1421  1676  1677  1728  1727
  1371  1372  1423  1422  1677  1678  1729  1728
  1372  1373  1424  1423  1678  1679  1730  1729
  1373  1374  1425  1424  1679  1680  1731  1730
  1374  1375  1426  1425  1680  1681  1732  1731
  1375  1376  1427  1426  1681  1682  1733  1732
  1376  1377  1428  1427  1682  1683  1734  1733
  1378  1379  1430  1429  1684  1685  1736  1735
  1379  1380  1431  1430  1685  1686  1737  1736
  1380  1381  1432  1431  1686  1687  1738  1737
  1381  1382  1433  1432  1687  1688  1739  1738
  1382  1383  1434  1433  1688  1689  1740  1739
  1383  1384  1435  1434  1689  1690  1741  1740
  1384  1385  1436  1435  1690  1691  1742  1741
  1385  1386  1437  1436  1691  1692  1743  1742
  1386  1387  1438  1437  1692  1693  1744  1743
  1387  1388  1439  1438  1693  1694  1745  1744
  1388  1389  1440  1439  1694  1695  1746  1745
  1389  1390  1441  1440  1695  1696  1747  1746
  1390  1391  1442  1441  1696  1697  1748  1747
  1391  1392  1443  1442  1697  1698  1749  1748
  1392  1393  1444  1443  1698  1699  1750  1749
  1393  1394  1445  1444  1699  1700  1751  1750
  1394  1395  1446  1445  1700  1701  1752  1751
  1395  1396  1447  1446  1701  1702  1753  1752
  1396  1397  1448  1447  1702  1703  1754  1753
  1397  1398  1449  1448  1703  1704  1755  1754
  1398  1399  1450  1449  1704  1705  1756  1755
  1399  1400  1451  1450  1705  1706  1757  1756
  1400  1401  1452  1451  1706  1707  1758  1757
  1401  1402  1453  1452  1707  1708  1759  1758
  1402  1403  1454  1453  1708  1709  1760  1759
  1403  1404  1455  1454  1709  1710  1761  1760
  1404  1405  1456  1455  1710  1711  1762  1761
  1405  1406  1457  1456  1711  1712  1763  1762
  1406  1407  1458  1457  1712  1713  1764  1763
  1407  1408  1459  1458  1713  1714  1765  1764
  1408  1409  1460  1459  1714  1715  1766  1765
  1409  1410  1461  1460  1715  1716  1767  1766
  1410  1411  1462  1461  1716  1717  1768  1767
  1411  1412  1463  1462  1717  1718  1769  1768
  1412  1413  1464  1463  1718  1719  1770  1769
  1413  1414  1465  1464  1719  1720  1771  1770
  1414  1415  1466  1465  1720  1721  1772  1771
  1415  1416  1467  1466  1721  1722  1773  1772
  1416  1417  1468  1467  1722  1723  1774  1773
  1417  1418  1469  1468  1723  1724  1775  1774
  1418  1419  1470  1469  1724  1725  1776  1775
  1419  1420  1471  1470  1725  1726  1777  1776
  1420  1421  1472  1471  1726  1727  1778  1777
  1421  1422  1473  1472  1727  1728  1779  1778
  1422  1423  1474  1473  1728  1729  1780  1779
  1423  1424  1475  1474  1729  1730  1781  1780
  1424  1425  1476  1475  1730  1731  1782  1781
  1425  1426  1477  1476  1731  1732  1783  1782
  1426  1427  1478  1477  1732  1733  1784  1783
  1427  1428  1479  1478  1733  1734  1785  1784
  1429  1430  1481  1480  1735  1736  1787  1786
  1430  1431  1482  1481  1736  1737  1788  1787
  1431  1432  1483  1482  1737  1738  1789  1788
  1432  1433  1484  1483  1738  1739  1790  1789
  1433  1434  1485  1484  1739  1740  1791  1790
  1434  1435  1486  1485  1740  1741  1792  1791
  1435  1436  1487  1486  1741  1742  1793  1792
  1436  1437  1488  1487  1742  1743  1794  1793
  1437  1438  1489  1488  1743  1744  1795  1794
  1438  1439  1490  1489  1744  1745  1796  1795
  1439  1440  1491  1490  1745  1746  1797  1796
  1440  1441  1492  1491  1746  1747  1798  1797
  1441  1442  1493  1492  1747  1748  1799  1798
  1442  1443  1494  1493  1748  1749  1800  1799
  1443  1444  1495  1494  1749  1750  1801  1800
  1444  1445  1496  1495  1750  1751  1802  1801
  1445  1446  1497  1496  1751  1752  1803  1802
  1446  1447  1498  1497  1752  1753  1804  1803
  1447  1448  1499  1498  1753  1754  1805  1804
  1448  1449  1500  1499  1754  1755  1806  1805
  1449  1450  1501  1500  1755  1756  1807  1806
  1450  1451  1502  1501  1756  1757  1808  1807
  1451  1452  1503  1502  1757  1758  1809  1808
  1452  1453  1504  1503  1758  1759  1810  1809
  1453  1454  1505  1504  1759  1760  1811  1810
  1454  1455  1506  1505  1760  1761  1812  1811
  1455  1456  1507  1506  1761  1762  1813  1812
  1456  1457  1508  1507  1762  1763  1814  1813
  1457  1458  1509  1508  1763  1764  1815  1814
  1458  1459  1510  1509  1764  1765  1816  1815
  1459  1460  1511  1510  1765  1766  1817  1816
  1460  1461  1512  1511  1766  1767  1818  1817
  1461  1462  1513  1512  1767  1768  1819  1818
  1462  1463  1514  1513  1768  1769  1820  1819
  1463  1464  1515  1514  1769  1770  1821  1820
  1464  1465  1516  1515  1770  1771  1822  1821
  1465  1466  1517  1516  1771  1772  1823  1822
  1466  1467  1518  1517  1772  1773  1824  1823
  1467  1468  1519  1518  1773  1774  1825  1824
  1468  1469  1520  1519  1774  1775  1826  1825
  1469  1470  1521  1520  1775  1776  1827  1826
  1470  1471  1522  1521  1776  1777  1828  1827
  1471  1472  1523  1522  1777  1778  1829  1828
  1472  1473  1524  1523  1778  1779  1830  1829
  1473  1474  1525  1524  1779  1780  1831  1830
  1474  1475  1526  1525  1780  1781  1832  1831
  1475  1476  1527  1526  1781  1782  1833  1832
  1476  1477  1528  1527  1782  1783  1834  1833
  1477  1478  1529  1528  1783  1784  1835  1834
  1478  1479  1530  1529  1784  1785  1836  1835
