  1  7  8  2
  2  8  9  3
  3  9  10  4
  4  10  11  5
  5  11  12  6
  7  13  14  8
  8  14  15  9
  9  15  16  10
  10  16  17  11
  11  17  18  12
  13  19  20  14
  14  20  21  15
  15  21  22  16
  16  22  23  17
  17  23  24  18
  19  25  26  20
  20  26  27  21
  21  27  28  22
  22  28  29  23
  23  29  30  24
  25  31  32  26
  26  32  33  27
  27  33  34  28
  28  34  35  29
  29  35  36  30
  31  37  38  32
  32  38  39  33
  33  39  40  34
  34  40  41  35
  35  41  42  36
  37  43  44  38
  38  44  45  39
  39  45  46  40
  40  46  47  41
  41  47  48  42
  43  49  50  44
  44  50  51  45
  45  51  52  46
  46  52  53  47
  47  53  54  48
  49  55  56  50
  50  56  57  51
  51  57  58  52
  52  58  59  53
  53  59  60  54
  55  61  62  56
  56  62  63  57
  57  63  64  58
  58  64  65  59
  59  65  66  60
  61  67  68  62
  62  68  69  63
  63  69  70  64
  64  70  71  65
  65  71  72  66
  67  73  74  68
  68  74  75  69
  69  75  76  70
  70  76  77  71
  71  77  78  72
  73  79  80  74
  74  80  81  75
  75  81  82  76
  76  82  83  77
  77  83  84  78
  79  85  86  80
  80  86  87  81
  81  87  88  82
  82  88  89  83
  83  89  90  84
  85  91  92  86
  86  92  93  87
  87  93  94  88
  88  94  95  89
  89  95  96  90
  91  97  98  92
  92  98  99  93
  93  99  100  94
  94  100  101  95
  95  101  102  96
  97  103  104  98
  98  104  105  99
  99  105  106  100
  100  106  107  101
  101  107  108  102
  103  109  110  104
  104  110  111  105
  105  111  112  106
  106  112  113  107
  107  113  114  108
  109  115  116  110
  110  116  117  111
  111  117  118  112
  112  118  119  113
  113  119  120  114
  115  121  122  116
  116  122  123  117
  117  123  124  118
  118  124  125  119
  119  125  126  120
  121  127  128  122
  122  128  129  123
  123  129  130  124
  124  130  131  125
  125  131  132  126
  127  133  134  128
  128  134  135  129
  129  135  136  130
  130  136  137  131
  131  137  138  132
  133  139  140  134
  134  140  141  135
  135  141  142  136
  136  142  143  137
  137  143  144  138
  139  145  146  140
  140  146  147  141
  141  147  148  142
  142  148  149  143
  143  149  150  144
  145  151  152  146
  146  152  153  147
  147  153  154  148
  148  154  155  149
  149  155  156  150
  151  157  158  152
  152  158  159  153
  153  159  160  154
  154  160  161  155
  155  161  162  156
  157  163  164  158
  158  164  165  159
  159  165  166  160
  160  166  167  161
  161  167  168  162
  163  169  170  164
  164  170  171  165
  165  171  172  166
  166  172  173  167
  167  173  174  168
  169  175  176  170
  170  176  177  171
  171  177  178  172
  172  178  179  173
  173  179  180  174
  175  181  182  176
  176  182  183  177
  177  183  184  178
  178  184  185  179
  179  185  186  180
  181  187  188  182
  182  188  189  183
  183  189  190  184
  184  190  191  185
  185  191  192  186
  187  193  194  188
  188  194  195  189
  189  195  196  190
  190  196  197  191
  191  197  198  192
  193  199  200  194
  194  200  201  195
  195  201  202  196
  196  202  203  197
  197  203  204  198
  199  205  206  200
  200  206  207  201
  201  207  208  202
  202  208  209  203
  203  209  210  204
  205  211  212  206
  206  212  213  207
  207  213  214  208
  208  214  215  209
  209  215  216  210
  211  217  218  212
  212  218  219  213
  213  219  220  214
  214  220  221  215
  215  221  222  216
  217  223  224  218
  218  224  225  219
  219  225  226  220
  220  226  227  221
  221  227  228  222
  223  229  230  224
  224  230  231  225
  225  231  232  226
  226  232  233  227
  227  233  234  228
  229  235  236  230
  230  236  237  231
  231  237  238  232
  232  238  239  233
  233  239  240  234
  235  241  242  236
  236  242  243  237
  237  243  244  238
  238  244  245  239
  239  245  246  240
  241  247  248  242
  242  248  249  243
  243  249  250  244
  244  250  251  245
  245  251  252  246
  247  253  254  248
  248  254  255  249
  249  255  256  250
  250  256  257  251
  251  257  258  252
  253  259  260  254
  254  260  261  255
  255  261  262  256
  256  262  263  257
  257  263  264  258
  259  265  266  260
  260  266  267  261
  261  267  268  262
  262  268  269  263
  263  269  270  264
  265  271  272  266
  266  272  273  267
  267  273  274  268
  268  274  275  269
  269  275  276  270
  271  277  278  272
  272  278  279  273
  273  279  280  274
  274  280  281  275
  275  281  282  276
  277  283  284  278
  278  284  285  279
  279  285  286  280
  280  286  287  281
  281  287  288  282
  283  289  290  284
  284  290  291  285
  285  291  292  286
  286  292  293  287
  287  293  294  288
  289  295  296  290
  290  296  297  291
  291  297  298  292
  292  298  299  293
  293  299  300  294
  295  301  302  296
  296  302  303  297
  297  303  304  298
  298  304  305  299
  299  305  306  300
